83 0
51 0
86 0
-89 -90 -19 -96 -97 0
80 -35 -93 -96 -97 0
-35 -19 -93 -94 -95 -96 -97 0
-14 -93 -94 -95 -96 -97 -99 0
24 85 -98 0
-3 -42 -47 -19 7 -99 0
-95 -96 -97 21 -14 -99 -100 0
-96 -97 21 -14 85 -99 -100 0
-97 21 -14 85 -99 -100 0
d -96 -97 21 -14 85 -99 -100 0
34 -100 0
-98 -5 -96 -99 -100 0
59 -96 3 -99 -100 0
-96 3 -93 -99 -100 0
96 -93 -100 0
-59 9 -97 0
-3 -99 -100 0
-99 -100 0
d -3 -99 -100 0
d -96 3 -93 -99 -100 0
d 3 59 -96 -99 -100 0
d -98 -5 -96 -99 -100 0
d 21 85 -97 -14 -99 -100 0
d 21 -14 -97 -96 -95 -99 -100 0
-79 2 9 43 -16 -97 0
-81 79 -100 0
56 -76 -5 -48 0
4 -56 -76 9 -25 54 -78 0
9 64 -5 -100 0
-4 81 54 64 0
65 -63 -96 -34 0
-31 58 54 18 -93 3 0
-12 54 18 -80 -93 3 -97 0
95 -5 -100 0
-5 3 -100 0
3 -100 0
d -5 3 -100 0
-100 0
-16 -81 -3 -37 54 0
-3 -96 -47 -5 0
16 -96 -47 -5 0
-67 22 -71 -16 0
31 -16 18 -80 0
35 3 -5 0
-96 -47 -5 0
d 16 -96 -47 -5 0
d -3 -96 -47 -5 0
-47 -5 0
d -96 -47 -5 0
-5 0
47 0
37 0
59 0
53 0
-78 0
30 0
40 -75 0
-3 0
-99 0
-31 0
48 0
-35 0
34 0
-38 0
-23 0
-94 0
10 0
97 0
70 0
-14 0
66 0
9 0
25 0
-64 0
82 0
-24 0
41 0
50 0
-75 0
40 0
49 0
-39 0
-91 0
-72 0
8 0
68 0
-56 0
96 0
15 0
-22 0
-79 0
71 0
42 0
65 0
-63 0
-92 0
-21 0
36 0
76 0
61 0
-33 0
4 0
-28 0
-18 0
-81 0
95 0
0
